(o1896913988_itmusthavebeen
   (26785 38724 45931 51284))
(o1498211214_wonderfultonig
   (18310 28464 38191 38358))
(o1626144711_moderndaycowbo
   (26493 57635 106874 127768))
(o1007794583_openinvitation
   (20612 52499 70434 111917))
(o1682996471_eaglesfly_samm
   (20662 58240 75296 98721))
(o1187889739_cumonfeeltheno
   (44851 71016 110907 116105))
(o1296607252_bangyourheadme
   (30462 62606 82909 125177))
(o1058047366_younglust_pink
   (15490 26399 39205 47355))
(o1684004231_shoutatthedevi
   (44036 56974 73118 80980))
(o1364553279_dontcloseyoure
   (14355 30201 37690 48878))
(o1828848589_parasitelive_k
   (24817 43836 67146 89107))
(o1201112294_istoleyourlove
   (24800 58378 75851 105493))
(o1463166506_livingaftermid
   (42562 61803 85453 90093))
(o1067532336_jukeboxhero_fo
   (31908 58812 75371 78819))
(o1438432029_missingyou_joh
   (40293 64654 81753 82689))
(o1987666247_layitontheline
   (18245 35876 51801 75255))
(o1171316687_voicescarry_ti
   (29175 79087 106153 107984))
(o1077619334_talkinginyours
   (42588 68538 105354 117675))
(o1190240692_bluecollarmanl
   (25975 47431 69625 81555))
(o1809509503_nothingsgonnas
   (19377 38782 65389 70186))
(o1525575582_irememberyou_s
   (46042 72739 80014 95922))
(o1027492792_18andlife_skid
   (26269 37602 59057 64763))
(o1408983204_aliveandkickin
   (20667 50738 66958 86167))
(o1645278938_dontcareboutno
   (41529 85689 124976 139082))
(o1583757185_noonelikeyou_s
   (20556 42072 61449 68084))
(o1001593487_dontstopatthet
   (32989 70829 105076 123159))
(o1823403274_bigcitynights
   (26920 55726 83474 92785))
(o1926917088_ontheloose_sag
   (29110 39634 52870 74116))
(o1075133536_biglog_robertp
   (40386 70304 81748 82753))
(o1619047349_addictedtolove
   (25902 56958 82269 83253))
(o1288791365_timeformetofly
   (19635 44836 55155 69631))
(o1510714229_rollwiththecha
   (36815 76257 114395 182167))
(o1669651007_keeponlovingyo
   (16474 28181 38329 54944))
(o1372506471_lunaticfringe
   (33496 43437 52100 59709))
(o1721969373_letsgocrazy_pr
   (17199 31783 51601 71568))
(o1541631438_darlingnikki_p
   (13911 24625 34964 48633))
(o1018230533_doyoufeellikew
   (69227 113028 159223 225001))
(o1851474047_hellofromthegu
   (52657 100330 156580 166976))
(o1333700788_donttellmeyoul
   (43721 83359 122016 136858))
(o1360131987_blindedbytheli
   (44167 76045 115623 136181))
(o1601338288_turnmeloose_lo
   (30453 86277 103477 123820))
(o1165040635_lovineveryminu
   (14831 34087 49959 67680))
(o1124635635_travelingriver
   (24787 57542 88692 161325))
(o1884809716_stairwaytoheav
   (39295 84878 106971 128562))
(o1238709995_rambleon_ledze
   (25865 61529 142202 191244))
(o1675984762_overthehillsan
   (15629 39419 62998 115465))
(o1024440905_howmanymoretim
   (54023 98626 126527 201960))
(o1529083922_goodtimesbadti
   (24070 35810 54617 66221))
(o1954970606_dazedandconfus
   (37328 62461 101330 152407))
(o1138732294_communicationb
   (29437 53442 85892 92514))
(o1068259626_allmylove_ledz
   (24437 43411 68713 93943))
(o1089151425_wheelinthesky
   (23268 45292 78912 103415))
(o1320713696_separatewayswo
   (57020 98521 115856 128215))
(o1326516626_naughtynaughty
   (32630 50434 77094 90094))
(o1673667816_jane_jefferson
   (27070 50481 61731 74844))
(o1424388362_blackcat_janet
   (23875 48045 76905 89391))
(o1688983170_paradisecity_g
   (70740 99885 139385 181280))
(o1244363813_loveisalive_ga
   (15123 25921 42286 45836))
(o1591916693_feelslikethefi
   (21656 32230 53161 59703))
(o1171813627_takemehometoni
   (34445 44404 52654 54366))
(o1691387599_comeundone_dur
   (19950 61300 79750 126150))
(o1516228809_ahleah_donniei
   (27169 53618 66167 71514))
(o1084584222_dirtylaundry_d
   (44647 77592 99742 104442))
(o1829483417_itsnotlove_dok
   (36512 90424 120696 126729))
(o1626110182_toolateforlove
   (30586 42334 54800 66846))
(o1976470985_hysteria_defle
   (26455 56930 100135 108216))
(o1640459054_animal_deflepp
   (22798 47719 90446 95098))
(o1392276558_theflame_cheap
   (20073 36785 61130 70042))
(o1628247128_somethingabout
   (41596 57134 81976 94826))
(o1946529088_smokin_boston
   (50960 69462 113532 134346))
(o1353399733_rockandrollban
   (32957 45018 77232 81817))
(o1971741999_peaceofmind_bo
   (65415 83811 131193 147679))
(o1884485813_morethanafeeli
   (48029 64785 93364 102106))
(o1775216397_foreplaylongti
   (60649 86808 120970 151965))
(o1842790960_mykindalover_b
   (18628 33664 44583 51983))
(o1513942026_inthedark_bill
   (48024 75098 86246 88092))
(o1756006126_feellikemakinl
   (20686 64950 98222 109462))
(o1370009539_turnuptheradio
   (27678 57356 87675 98701))
(o1136507615_whowillstopthe
   (26194 41803 60427 66244))
(o1138443330_fantasy_aldono
   (27109 56904 79200 86800))
(o1522873304_changes_yes
   (28689 52739 80425 92775))
(o1879272111_isthislove_whi
   (25477 41009 62835 74513))
(o1609154063_cryingintherai
   (39140 55075 111457 147318))
(o1416913134_dancehalldays
   (22827 44223 60835 70181))
(o1461739020_whycantthisbel
   (22673 43622 58035 99339))
(o1560508551_whenitslove_va
   (30317 67144 89165 100712))
(o1508846824_romeodelight_v
   (44391 71375 107034 151446))
(o1781813168_lovewalksin_va
   (16051 26914 36454 47635))
(o1425335044_illwait_vanhal
   (21737 34055 46833 50730))
(o1511483608_feelyourloveto
   (16161 37392 71408 86742))
(o1323665384_dreams_vanhale
   (54405 81764 114252 120918))
(badreputation
   (30243 48406 74261 95811))
(beastandtheharlot
   (76573 93765 139324 176400))
(billiondollar
   (32800 44311 59938 69990))
(cantyouhearme
   (45264 77612 117519 122024))
(carrymehome
   (51970 75897 101158 112828))
(carryonwayward
   (61492 72220 98170 104226))
(cherrypie
   (29543 45435 54271 58854))
(crazyonyou
   (54446 77536 106738 114504))
(dead
   (44984 66672 105866 119681))
(freebird
   (134118 194628 254212 282272))
(freya
   (55186 64768 118912 141131))
(girlfriend
   (30745 51177 85878 103207))
(hangar18
   (80015 106808 160209 185984))
(heartshapedbox
   (58231 78672 101321 117543))
(hush
   (51173 63561 78822 91163))
(institutionalized
   (67662 120169 151819 175439))
(jessica
   (83592 107792 163967 200829))
(johnthefisherman
   (40627 53817 79715 96879))
(killinginthenameof
   (60588 93130 127378 154628))
(laidtorest
   (59962 84324 143103 165953))
(lastchild
   (37014 66093 85934 105238))
(lifewasted
   (51212 76041 88547 100607))
(madhouse
   (68091 92253 141381 145453))
(messageinabottle
   (63514 102197 107631 110378))
(misirlou
   (28186 40113 69378 93578))
(mother
   (34521 60809 84656 99520))
(monkeywrench
   (60204 84883 146306 161759))
(possum
   (50719 81976 99490 109626))
(psychobilly
   (40396 54239 79535 93301))
(rockandroll
   (39853 60718 94094 107766))
(rockthistown
   (40313 68601 100681 118161))
(salvation
   (40879 56431 77817 85153))
(searchanddestroy
   (48885 64792 108529 118084))
(shoutatthedevil
   (33209 46346 68386 74072))
(stop
   (41063 58141 90416 112321))
(strutter
   (32773 49739 64525 83640))
(surrender
   (45611 75836 95443 101492))
(sweetchild
   (71928 82823 102608 109678))
(tattooedloveboys
   (49718 74318 92106 111431))
(thembones
   (40415 51153 77609 83247))
(tonightimgonna
   (31751 40243 74576 97111))
(trippinonahole
   (37958 62983 90469 106014))
(trooper
   (69918 103971 152918 167960))
(warpigs
   (67998 81073 120641 140628))
(whowasinmyroom
   (59602 87804 117137 127274))
(woman
   (33812 48450 89445 90389))
(youreallygotme
   (31583 40809 51861 54991))
(yyz
   (60112 80661 101353 115567))
(arterialblack
   (48992 64910 99579 111489))
(collide
   (17143 42452 69008 85281))
(elephantbones
   (42770 54223 76049 84079))
(fallofpangea
   (99935 118005 169618 172351))
(ftk
   (45588 66278 89150 102837))
(gemini
   (48175 71253 93142 122677))
(jordan
   (38523 59357 85443 118002))
(kicked
   (42898 64810 108218 116740))
(ladylightning
   (25775 51363 75072 101300))
(laughtrack
   (40428 59002 77731 84476))
(lesstalkmorerokk
   (47721 78266 94346 132139))
(mrfixit
   (33846 56825 69690 71240))
(newblack
   (33334 48469 59759 70182))
(onefortheroad
   (77879 98219 165726 179179))
(parasite
   (33434 49892 67557 71673))
(radiumeyes
   (29910 48917 59370 63562))
(redlottery
   (67796 83669 96517 106767))
(rawdog
   (55162 64868 108762 117533))
(six
   (61927 83483 115213 136545))
(soybomb
   (20107 34486 48492 60584))
(speedtest
   (57522 90429 154006 252956))
(thelightthatblinds
   (66942 79618 126378 150391))
(thunderhorse
   (36177 62177 78045 85673))
(trogdor
   (23160 34310 51594 74904))
(xstream
   (94752 108672 163026 183641))
(drinkup
   (43599 63810 78922 78968))
(yeswecan
   (52793 69873 92731 108426))
(18andlife
   (23791 38350 59394 64005))
(aintnothinbut
   (42709 65692 84738 96378))
(ballstothewall
   (67240 109045 120104 121976))
(ballroomblitz
   (49245 59897 94226 104539))
(bangyourhead
   (56633 89239 107452 112241))
(bathroomwall
   (37018 52455 92616 109595))
(caughtinamosh
   (43411 84603 155138 178992))
(electriceye
   (55735 81980 132794 153788))
(heatofthemoment
   (42010 53351 60558 71300))
(holdonloosely
   (64126 75560 90394 97810))
(holydiver
   (41469 56602 104897 113385))
(iran
   (60296 73464 109197 114726))
(iwantcandy
   (24046 36232 44892 65267))
(iwannarock
   (41998 61193 70760 81643))
(lonelyisthenight
   (35038 51218 93211 101115))
(losangeles
   (43836 54097 106864 113356))
(noonelikeyou
   (38368 53346 62692 64337))
(onlyalad
   (46515 68909 107486 125102))
(playwithme
   (28082 45199 85583 117958))
(policetruck
   (37984 47580 88434 98941))
(radarlove
   (63293 80847 97173 105847))
(roundandround
   (33537 58453 102621 108808))
(seventeen
   (45145 76895 103460 117704))
(shakin
   (40574 47395 56814 59237))
(synchronicity2
   (66472 92679 120818 127376))
(turningjapanese
   (56002 70929 101666 105542))
(thewarrior
   (45886 63037 82600 93604))
(wegotthebeat
   (34256 53105 59435 63068))
(whatilikeaboutyou
   (45435 55983 91084 108073))
(wrathchild
   (30358 53814 82952 91306))
(allofthis
   (26087 44401 55707 62073))
(behindthemask
   (20948 36400 45637 50512))
(graveyardshift
   (13261 34528 45782 56482))
(spanishcastlemagic
   (35083 55049 65809 76952))
(thunderkiss65
   (40409 63198 73572 95009))
(trippolette
   (18430 30596 47535 60034))
(alloveryou
   (26160 55157 92235 127847))
(chopsuey
   (39438 59688 97944 126247))
(crawl
   (28002 47938 77207 109253))
(debaser
   (30586 38435 81447 88619))
(greengrass
   (102527 161935 219220 298708))
(imtheone
   (45923 70306 90504 123085))
(maps
   (23437 28787 48393 57265))
(tomsawyer
   (34055 46919 67248 79856))